0.0 0.0 0.001 0.0
6.816649620259099e-05 0.0 0.0016191065540379311 0.03432399410772485
0.00016586589360993546 0.0 0.002466611820476405 0.07628206144467106
0.0003369944748972605 0.0 0.0036969389472581832 0.1301963096244388
0.0006136348175739364 0.0 0.005325707795703782 0.20772549293761247
0.001019149451229813 0.0 0.007376788650555151 0.31465220435516317
0.0015598765800938115 0.0 0.009829999940263397 0.430619786985702
0.0022316630450711344 0.0 0.01256734719027694 0.5353215345098432
0.0030202602311403546 0.0 0.015447543708065965 0.6200156330344113
0.003891020115146495 0.0 0.01840943237125195 0.6860512822954372
0.004806315736657291 0.0 0.021396112652620026 0.7421337602068712
0.005740035126376132 0.0 0.02435372480515517 0.7892229018886563
